climb_up 2018.04.10
// step1 150
512,20,2048,120,2068,120,2185,120,2046,120,2048,120,2036,120,2048,120,2048,120,
2008,120,1947,120,2064,120,2048,120,2054,120,513,120,2048,120,2081,120,363,120,565,120,512,120,1023,120,
// step2 150
512,20,2048,120,2068,120,2185,120,2046,120,2048,120,2036,120,2048,120,2048,120,
2008,120,1947,120,2064,120,2048,120,2372,120,513,120,1378,120,1746,120,363,120,821,120,512,120,1023,120,
// step3 150
512,20,2048,120,2068,120,2572,120,2911,120,2428,120,2036,120,2048,120,2048,120,
1686,120,1197,120,2409,120,2048,120,2320,120,513,120,673,120,1802,120,363,120,1008,120,512,120,1023,120,
// step4 150
512,20,2048,90,2068,90,2572,90,3083,90,2428,90,2036,90,2048,90,2048,90,
1686,90,1019,90,2485,90,2048,90,2048,90,513,90,712,90,2104,90,363,90,979,90,512,90,1023,90,
// step5 150
512,20,2048,90,2068,90,2512,90,2704,90,2218,90,2036,90,2048,90,2051,90,
1674,90,1331,90,2245,90,2048,90,1801,90,504,90,1509,90,2252,90,363,90,798,90,512,90,1023,90,
// step6 150
512,20,2048,90,2068,90,2741,90,2879,90,2555,90,2036,90,2048,90,2051,90,
1448,90,1144,90,2595,90,2048,90,1555,90,504,90,1657,90,2477,90,363,90,748,90,512,90,1023,90,
// step7 150
512,20,2048,90,2068,90,3130,90,3315,90,2725,90,2036,90,2048,90,2051,90,
1133,90,734,90,2821,90,2048,90,1408,90,504,90,2048,90,2638,90,363,90,640,90,512,90,1023,90,
// step8 150
512,20,2048,90,2068,90,3182,90,3416,90,2725,90,2036,90,2048,90,2051,90,
1030,90,648,90,2820,90,1900,90,1408,90,504,90,2048,90,2668,90,363,90,620,90,512,90,1023,90,
// step9 150
512,20,2048,90,2068,90,3182,90,3416,90,2906,90,2036,90,2048,90,2051,90,
1030,90,648,90,3024,90,1900,90,1408,90,504,90,2048,90,2668,90,363,90,620,90,512,90,1023,90,
// step10 150
512,20,2048,500,2068,500,3182,500,3501,500,2634,500,2153,500,2048,500,2051,500,
1030,500,571,500,2660,500,1925,500,1781,500,504,500,2048,500,2390,500,362,500,597,500,512,500,1023,90,
// step11 150
512,20,2048,120,2068,120,3182,120,3501,120,2634,120,2153,120,2048,120,2051,120,
1030,120,571,120,2660,120,1925,120,1781,120,504,120,2048,120,2390,120,362,120,597,120,512,120,1023,90,
// step12 150
512,20,2048,120,2068,120,2825,120,3160,120,2549,120,2036,120,2048,120,2051,120,
1436,120,935,120,2608,120,2048,120,1781,120,504,120,2048,120,2317,120,363,120,620,120,512,120,1023,90,
// step13 150
512,20,2048,120,2068,120,2696,120,2999,120,2533,120,2081,120,2048,120,2051,120,
1579,120,1117,120,2562,120,2090,120,1781,120,504,120,2048,120,2317,120,363,120,620,120,512,120,1023,90,
