left_kick 2018.03.08
// step1 100
512,20,2048,120,2076,120,2410,120,2521,120,2297,120,2041,120,2083,120,2021,120,
1836,120,1578,120,2303,120,2036,120,2054,120,520,120,524,120,2081,120,344,120,565,120,512,120,1032,120,
// step2 100
512,20,2048,90,2076,90,2410,90,2662,90,2401,90,1961,90,2083,90,2021,90,
1836,90,1343,90,2420,90,1826,90,2054,90,520,90,524,90,2081,90,344,90,565,90,512,90,1032,120,
// step3 100
512,20,2048,120,2076,120,2450,120,2713,120,2401,120,1908,120,2083,120,1932,120,
1630,120,1286,120,2238,120,1826,120,2054,120,520,120,524,120,2081,120,344,120,565,120,512,120,1032,120,
// step4 100
512,20,2048,120,2076,120,2479,120,2767,120,2433,120,1905,120,2083,120,1918,120,
1593,120,1353,120,2068,120,1804,120,2054,120,520,120,524,120,2081,120,344,120,565,120,512,120,1032,120,
// step5 100
512,20,1935,500,2076,500,2416,500,2888,500,2481,500,1914,500,2083,500,1883,500,
1558,500,1781,500,1748,500,1826,500,2054,500,584,500,524,500,2081,500,270,500,565,500,512,500,1032,120,
// step6 100
512,20,2048,120,2076,120,2471,120,2818,120,2496,120,1953,120,2083,120,1959,120,
1721,120,1405,120,2202,120,1777,120,2054,120,520,120,524,120,2081,120,344,120,565,120,512,120,1032,120,
// step7 100
512,20,2048,120,2076,120,2471,120,2699,120,2380,120,1969,120,2083,120,1959,120,
1721,120,1405,120,2302,120,1891,120,2054,120,520,120,524,120,2081,120,344,120,565,120,512,120,1032,120,
// step8 100
512,20,2048,120,2076,120,2410,120,2521,120,2297,120,2041,120,2083,120,2021,120,
1836,120,1578,120,2303,120,2036,120,2054,120,520,120,524,120,2081,120,344,120,565,120,512,120,1032,120,
