right_kick 2018.03.08
// step1 100
512,20,2048,120,2076,120,2410,120,2521,120,2297,120,2041,120,2083,120,2021,120,
1836,120,1578,120,2303,120,2036,120,2054,120,520,120,524,120,2081,120,343,120,565,120,512,120,1032,120,
// step2 100
512,20,2048,90,2076,90,2410,90,2521,90,2297,90,2247,90,2083,90,2021,90,
1836,90,1578,90,2303,90,2130,90,2054,90,520,90,524,90,2081,90,343,90,565,90,512,90,1032,120,
// step3 100
512,20,2048,120,2125,120,2495,120,2614,120,2223,120,2117,120,2083,120,2021,120,
1836,120,1578,120,2319,120,2184,120,2054,120,520,120,524,120,2081,120,343,120,565,120,512,120,1032,120,
// step4 100
512,20,2048,120,2198,120,2604,120,2728,120,2087,120,2190,120,2083,120,2067,120,
1836,120,1470,120,2392,120,2175,120,2054,120,520,120,524,120,2081,120,343,120,565,120,512,120,1032,120,
// step5 100
512,20,2048,500,2125,500,2745,500,2379,500,1812,500,2117,500,2083,500,2021,500,
1856,500,1396,500,2417,500,2169,500,2054,500,520,500,524,500,2081,500,343,500,565,500,512,500,1032,120,
// step6 100
512,20,2048,120,2125,120,2517,120,2578,120,2161,120,2210,120,2083,120,2021,120,
1707,120,1396,120,2417,120,2074,120,2054,120,520,120,524,120,2081,120,343,120,565,120,512,120,1032,120,
// step7 100
512,20,2048,120,2125,120,2458,120,2578,120,2268,120,2095,120,2083,120,2021,120,
1755,120,1462,120,2361,120,1954,120,2054,120,520,120,524,120,2081,120,343,120,565,120,512,120,1032,120,
// step8 100
512,20,2048,120,2076,120,2410,120,2521,120,2297,120,2041,120,2083,120,2021,120,
1836,120,1578,120,2303,120,2036,120,2054,120,520,120,524,120,2081,120,343,120,565,120,512,120,1032,120,
