2015.07.14.21.38
// init 70
512,200,2037,100,2058,100,2048,100,2564,100,2048,100,2048,100,2048,100,2048,100,2048,100,
1532,100,2048,100,2048,100,509,100,492,100,512,100,512,100,532,100,512,100,512,100,892,100,
// n1 100
512,200,2037,100,2058,100,2048,100,2564,100,2048,100,2048,100,2048,100,2048,100,2048,100,
1532,100,2048,100,2048,100,208,0,512,100,838,800,816,0,512,100,186,500,512,100,872,100,
// n2 100
512,200,2037,100,2058,100,3122,500,1475,500,1604,100,2048,100,2048,100,1933,575,974,500,
2621,500,2492,100,2048,100,37,855,512,100,866,140,987,855,512,100,168,90,512,100,872,100,
// n3 100
512,200,2037,100,2058,100,3136,100,945,400,1211,500,2048,100,2048,100,2073,300,960,100,
3101,500,2866,300,2048,100,352,400,512,100,527,600,672,600,519,100,497,500,512,100,872,100,
// n3 100
512,200,2037,100,2058,100,2929,500,1003,290,1246,175,2048,100,2048,100,2073,100,1167,500,
3093,290,2849,500,2048,100,309,215,482,150,538,550,715,215,542,115,486,550,512,100,872,100,
// n402 100
512,200,2037,100,2058,100,2535,400,1575,315,1518,100,2048,100,2048,100,2038,100,1561,400,
2521,315,2578,100,2048,100,498,400,434,130,538,100,526,400,590,350,486,100,512,100,872,100,
// n402 100
512,200,2037,100,2058,100,2463,500,1847,315,1690,275,2048,100,2048,100,2038,100,1633,500,
2249,315,2406,380,2048,100,498,500,434,130,538,100,526,500,590,350,486,100,512,100,872,100,
