2017.11.19.56.26
// 001 500
512,5,1996,50,2048,50,2665,50,1224,50,1620,50,2048,50,2048,50,2048,50,1463,50,
2837,50,2517,50,2048,50,2048,50,450,50,512,50,2048,50,550,50,512,50,600,50,600,50,
// 002 2000
512,5,1929,50,1805,50,2539,50,1437,50,1738,50,1796,50,1959,50,1735,50,1539,50,
2719,50,2452,50,1723,50,2048,50,450,50,512,50,2048,50,550,50,512,50,600,50,600,50,
// 003 1000
512,5,1862,50,2016,50,2698,50,1482,50,1763,50,1777,50,1870,50,1936,50,1481,50,
2793,50,2644,50,1685,50,2048,50,450,50,512,50,2048,50,550,50,512,50,600,50,600,50,
// 004 1000
512,5,1926,50,1922,50,2508,50,1482,50,1763,50,1777,50,1954,50,1834,50,1332,50,
2689,50,2202,50,1685,50,2048,50,450,50,512,50,2048,50,550,50,512,50,600,50,600,50,
// 005 1000
512,5,1949,50,1905,50,2640,50,1290,50,1656,50,1898,50,1994,50,1885,50,1465,50,
2148,50,1836,50,1877,50,2048,50,450,50,512,50,2048,50,550,50,512,50,600,50,600,50,
// 001 600
512,5,1996,50,2048,50,2665,50,1224,50,1620,50,2048,50,2048,50,2048,50,1325,50,
2456,50,1998,50,2048,50,2048,50,450,50,512,50,2048,50,550,50,512,50,600,50,600,50,

