2017.11.19.57.42
// 001 500
512,5,1996,50,2048,50,2665,50,1224,50,1620,50,2048,50,2048,50,2048,50,1463,50,
2837,50,2517,50,2048,50,2048,50,450,50,512,50,2048,50,550,50,512,50,512,50,600,50,
// 002 2000
512,5,2083,50,2305,50,2564,50,1482,50,1763,50,2319,50,2115,50,2249,50,1517,50,
2697,50,2439,50,2260,50,2048,50,450,50,512,50,2048,50,550,50,512,50,512,50,600,50,
// 003 1000
512,5,1963,50,2162,50,2284,50,1399,50,1387,50,2340,50,2113,50,2045,50,1496,50,
2690,50,2394,50,2260,50,2048,50,450,50,512,50,2048,50,550,50,512,50,512,50,600,50,
// 004 1000
512,5,1975,50,2263,50,2839,50,1175,50,1717,50,2375,50,2113,50,2113,50,1574,50,
2690,50,2478,50,2260,50,2048,50,450,50,512,50,2048,50,550,50,512,50,512,50,600,50,
// 005 1000
512,5,2043,50,2191,50,2778,50,1445,50,1951,50,2198,50,2095,50,2191,50,1533,50,
2766,50,2520,50,2198,50,2048,50,450,50,512,50,2048,50,550,50,512,50,512,50,600,50,
// 001 600
512,5,1996,50,2048,50,2814,50,1364,50,1910,50,2048,50,2048,50,2048,50,1534,50,
2825,50,2576,50,2048,50,2048,50,450,50,512,50,2048,50,550,50,512,50,512,50,600,50,

