周一 10月 6 23:24:54 2014
// init 1000
2148,100,2077,100,2048,100,2550,100,2048,100,2048,100,2077,100,2005,100,2048,100,1546,100,2048,100,1962,100,
512,100,512,100,512,100,512,100,512,100,512,100,512,100,512,10,
// left1 260
2148,100,2148,100,2048,100,2550,100,2048,100,1976,100,2077,100,2034,100,2048,100,1546,100,2062,100,1633,100,
512,100,512,100,512,100,512,100,512,100,512,100,512,100,512,100,512,100,512,10,
// left2 230
2277,550,2152,30,2320,50,2334,45,1934,35,1946,25,2077,50,1962,50,1733,50,2420,50,2449,50,1747,50,
512,50,512,50,512,50,512,50,605,50,512,50,512,150,512,50,512,100,550,500,
// left3 170
2134,30,2120,30,2191,30,2334,30,1890,30,1950,50,2077,80,1948,80,2249,80,2521,80,2291,80,1805,80,
512,50,433,50,512,50,512,50,605,50,512,50,512,50,512,500,
// left4 100
2148,500,2048,500,2306,500,2435,500,2054,500,1948,50,2077,2000,1890,2000,1504,2000,1805,2000,2062,2000,1790,2000,
512,500,440,500,512,500,579,50,515,50,512,50,512,500,512,500,744,500,
// init 110
2148,100,2077,100,2105,100,2320,100,1919,100,2005,100,2077,100,2034,100,1847,100,1790,100,2120,100,1805,100
512,100,512,100,512,100,512,50,512,50,512,50,512,100,512,500,
