2015.07.15.05.12
// init 30
512,200,2037,100,2058,100,2048,100,2564,100,2048,100,2048,100,2074,100,2048,100,2048,100,
1532,100,2048,100,2048,100,509,100,492,100,512,100,512,100,532,100,512,100,512,100,932,100,
// init02 40
512,200,2047,12,2058,10,2908,600,2564,10,2638,737,2048,10,2048,32,2048,10,2048,10,
1532,10,1478,712,2048,10,55,567,492,10,512,10,391,151,582,62,762,312,512,10,932,10,
// init03 40
512,200,1587,575,2058,10,2908,10,2564,10,2698,75,2048,10,2048,10,2048,10,2048,10,
1532,10,1398,100,2048,10,25,37,612,150,512,10,242,186,522,75,762,10,512,10,932,10,
// init04 40
512,200,1917,412,2208,187,2898,12,2564,10,2698,10,2048,10,2048,10,2378,412,2048,10,
1532,10,1398,10,2048,10,25,10,502,137,222,362,722,600,562,50,792,37,512,10,932,10,
// init08 40
512,200,1877,200,2428,500,2508,600,1754,600,2698,10,2048,10,1788,500,2248,650,2378,600,
2342,800,1398,10,2048,10,25,10,472,150,322,500,512,500,612,250,513,600,512,10,932,10,
// init9 40
512,200,1877,10,2448,25,1928,725,1594,200,2698,10,2048,10,1788,10,2118,162,2408,37,
2342,10,1398,10,2048,10,25,10,472,10,322,10,512,10,612,10,513,10,512,10,932,10,
// init10 40
512,200,2048,213,2048,500,2048,150,1594,10,2698,10,2048,10,2048,325,2048,87,2048,450,
2342,10,1398,10,2048,10,25,10,173,373,512,237,512,10,612,10,513,10,512,10,932,10,
// init11 40
512,200,2048,10,2048,10,2048,10,1594,10,2048,1000,2048,10,2048,10,2048,10,2048,10,
2342,10,2048,1000,2048,10,455,1000,182,10,512,10,512,10,612,10,513,10,512,10,932,10,
// init12 40
512,200,2048,10,2048,10,2048,10,2214,400,2048,10,2048,10,2048,10,2048,10,2048,10,
1892,400,2048,10,2048,10,545,112,492,387,512,10,479,41,532,100,513,10,512,10,932,10,
// init 40
512,200,2037,100,2058,100,2048,100,2564,100,2048,100,2048,100,2074,100,2048,100,2048,100,
1532,100,2048,100,2048,100,509,100,492,100,512,100,512,100,532,100,512,100,512,100,932,100,
